22.0
11.4
24.4
32.6
23.8
12.6
18.8
18.8
20.0
10.4
11.4
16.6
12.8
19.6
10.4
15.4
29.8
12.8
13.2
20.2
11.4
18.0
16.8
14.6
16.4
26.6
27.4
17.6
13.2
10.6
18.8
16.6
14.8
15.0
33.6
10.0
11.0
16.4
25.2
10.2
15.4
40.6
20.0
15.0
16.0
16.8
10.2
11.6
12.6
16.0
11.0
54.8
19.6
21.4
86.4
16.4
19.2
12.0
11.0
18.0
10.4
10.2
19.4
13.0
84.8
31.6
12.0
127.0
12.8
10.6
144.8
72.0
50.8
10.6
42.8
21.0
172.6
12.6
18.2
114.6
14.4
34.6
31.2
13.4
24.6
22.2
33.0
102.6
18.2
12.8
73.4
12.6
12.0
20.8
12.8
132.8
162.2
11.8
16.0
36.0
22.6
12.4
11.4
11.4
120.2
11.4
55.2
26.6
20.0
19.6
28.6
18.4
29.2
59.2
98.0
16.8
99.2
143.6
18.2
38.6
28.8
10.8
16.4
90.2
67.8
12.4
69.6
28.2
29.2
12.8
18.8
10.6
12.0
36.8
25.4
25.0
41.6
31.8
10.0
13.0
27.6
12.2
13.0
31.0
16.2
27.0
29.0
71.6
30.6
68.4
20.2
10.4
129.4
70.4
70.2
12.8
22.2
42.4
46.0
34.2
13.0
48.8
35.0
41.0
161.2
41.2
142.6
18.8
52.2
166.8
72.6
65.0
21.8
85.4
10.2
42.0
59.8
92.8
24.8
19.4
12.4
37.6
102.0
82.4
27.4
36.6
23.4
23.4
31.0
45.8
34.6
12.8
45.0
11.2
30.8
69.2
41.0
12.4
22.4
19.0
35.8
15.0
31.6
12.2
22.0
12.6
11.2
16.8
62.0
25.8
34.0
16.0
18.4
20.2
86.4
14.2
34.6
128.4
12.0
10.8
11.8
11.2
33.4
12.8
11.0
13.8
11.8
20.4
12.6
21.8
11.0
35.0
24.2
20.2
17.2
19.2
11.6
16.4
10.0
18.0
23.2
12.6
15.6
15.6
56.0
15.8
13.0
10.2
20.2
70.0
15.2
10.0
16.2
14.4
13.6
20.4
14.6
13.2
20.4
43.2
111.2
192.6
17.4
17.8
10.2
87.0
23.2
16.4
17.8
10.8
57.6
92.6
28.2
13.4
27.6
11.2
13.2
12.6
23.2
16.4
65.0
12.6
28.2
11.8
36.2
16.6
41.2
69.8
10.8
34.6
21.0
18.2
18.8
32.8
15.4
71.2
28.8
13.8
15.8
46.8
23.4
12.2
18.0
21.8
77.2
22.2
11.6
53.2
24.0
13.4
15.6
31.0
29.2
29.0
36.4
38.8
18.8
16.0
22.2
12.0
11.4
16.2
29.8
25.0
18.0
13.0
14.8
20.2
16.2
72.2
12.4
13.2
15.0
69.2
34.0
11.4
19.2
21.4
34.4
12.0
15.2
141.2
12.6
11.4
21.8
13.0
23.0
99.2
12.8
12.8
24.2
13.6
14.4
13.0
12.8
22.8
14.2
94.0
16.8
13.6
13.8
27.0
11.6
14.8
20.6
34.6
12.0
134.2
22.0
14.6
10.0
23.8
10.0
10.8
10.2
16.4
15.6
10.2
26.8
17.8
36.4
57.2
19.8
33.6
14.8
20.6
18.2
26.0
28.8
21.2
21.8
36.4
11.2
33.4
22.4
14.0
14.0
37.2
12.0
13.8
27.2
38.6
27.2
17.6
11.2
16.8
13.8
45.0
156.8
18.0
22.6
24.0
10.4
18.8
97.8
54.2
48.4
19.8
42.4
24.4
31.0
18.6
54.6
14.8
22.8
87.4
22.0
13.2
22.8
112.6
27.0
14.4
17.2
22.4
26.0
12.8
23.8
14.2
10.2
17.8
10.6
10.8
14.6
10.6
19.6
36.8
64.6
11.2
23.2
11.2
36.0
18.6
12.2
24.6
30.0
82.0
17.6
37.2
54.4
22.8
13.8
86.6
22.0
16.6
11.0
10.2
20.6
47.4
17.6
35.4
102.8
12.8
15.4
23.2
130.4
24.0
160.0
15.6
19.6
13.8
54.8
14.4
28.8
74.8
17.2
18.4
39.4
10.8
49.2
19.0
16.6
84.6
29.8
16.0
75.2
10.2
10.8
12.0
72.0
56.8
42.2
15.2
13.6
30.4
13.4
10.6
62.0
29.8
20.8
10.2
61.2
15.4
36.4
44.6
22.0
11.2
40.6
55.4
13.2
18.0
14.0
160.8
29.4
40.6
53.2
62.4
10.4
11.8
16.6
23.0
29.6
13.0
13.8
26.0
39.8
12.4
44.2
29.4
28.4
16.6
24.8
23.6
26.4
26.0
19.6
11.2
41.4
11.0
30.8
10.2
13.4
15.4
28.4
10.6
24.2
12.2
13.4
11.4
18.2
10.6
18.4
12.8
13.2
10.2
24.6
21.4
15.4
11.2
23.8
12.8
14.8
12.4
20.4
13.6
13.8
23.6
11.0
34.6
11.4
10.2
13.8
14.6
14.4
12.4
31.6
34.4
17.0
15.0
12.4
20.0
12.6
14.6
14.2
21.6
22.8
14.2
73.8
11.4
14.4
17.4
26.0
16.4
10.6
13.4
20.6
11.2
12.6
10.2
14.0
11.6
11.4
16.4
23.8
32.2
23.2
13.6
13.4
15.0
22.8
33.4
23.2
10.0
42.6
26.8
40.4
45.0
11.8
10.6
20.2
12.6
10.0
10.0
21.8
36.0
17.2
13.8
17.4
10.4
19.2
17.2
22.2
23.0
14.4
16.0
49.0
27.8
16.2
17.2
10.6
29.0
10.8
26.0
16.6
11.2
12.8
13.2
21.0
13.2
11.4
15.0
20.0
37.6
16.4
23.2
13.8
12.0
21.8
11.6
33.2
15.4
15.2
14.8
15.2
23.0
13.2
30.4
13.2
16.8
19.6
13.0
11.8
25.0
25.6
13.6
11.8
11.0
16.2
10.8
13.4
18.2
13.6
10.0
20.2
12.4
16.6
13.2
16.0
16.6
12.6
11.4
29.0
11.6
17.0
10.4
36.8
12.8
19.6
13.4
28.4
32.8
10.0
25.8
21.8
21.4
15.2
34.6
13.6
14.8
27.6
13.8
37.2
12.0
20.8
12.0
12.2
14.2
21.2
13.6
16.0
15.4
14.0
27.8
25.8
19.8
39.0
18.0
11.8
13.2
14.0
12.4
11.6
24.8
15.6
15.8
16.6
27.4
21.0
17.4
13.4
14.8
13.0
18.6
11.6
15.4
10.4
20.0
10.6
19.2
16.6
29.4
17.2
12.4
10.0
10.6
21.4
20.0
10.8
21.6
24.6
55.4
17.0
13.0
10.2
15.4
17.4
18.4
12.6
12.2
41.6
13.4
15.0
14.2
15.8
10.8
15.4
12.4
10.6
36.4
21.4
11.4
22.0
18.8
23.0
25.8
32.2
11.0
28.0
14.2
14.8
10.4
11.6
38.6
31.4
11.4
19.8
18.4
10.0
27.8
12.4
34.8
11.8
26.4
15.2
14.6
12.2
46.4
10.4
33.2
10.6
11.2
12.0
33.6
10.0
11.6
21.4
12.0
18.6
12.4
10.6
22.6
13.2
11.6
10.2
32.2
10.6
17.2
27.8
16.6
32.4
45.0
23.8
33.2
14.2
10.4
27.8
27.0
41.8
10.0
10.6
20.2
23.8
10.8
17.4
14.6
28.8
32.2
11.4
14.8
12.4
15.2
17.8
43.6
13.6
19.4
13.4
29.6
61.8
10.8
14.4
29.2
22.0
20.6
25.2
18.4
10.0
28.8
47.4
24.4
16.0
14.8
54.8
12.6
12.4
33.0
16.8
13.0
12.4
19.4
23.6
28.6
13.6
22.0
18.4
11.6
14.4
26.6
10.0
17.6
19.2
18.8
15.8
24.6
11.0
10.6
12.2
34.6
13.8
21.8
66.8
21.2
14.8
16.8
14.0
17.8
18.4
18.2
13.6
28.0
20.4
18.2
12.0
11.0
18.8
24.6
10.2
13.6
34.4
11.4
11.8
31.4
10.0
10.6
15.4
14.4
19.0
12.2
10.6
20.2
20.6
11.4
15.8
12.4
15.8
14.8
16.2
49.6
20.2
12.0
10.8
11.4
12.0
11.4
11.0
27.2
10.4
25.2
17.4
12.2
11.6
12.0
10.8
19.0
18.0
14.6
17.6
18.6
19.4
15.2
11.8
32.2
14.0
18.0
21.8
16.6
18.2
30.6
21.0
15.2
12.4
16.2
19.4
20.8
10.8
12.4
12.6
50.2
14.8
42.0
15.0
16.2
26.6
10.0
14.0
13.6
16.8
15.2
14.4
20.6
13.4
35.4
16.8
18.4
10.6
10.4
12.0
10.0
13.8
25.4
15.0
15.8
11.0
13.2
11.0
12.6
11.8
10.8
14.8
13.2
10.6
10.8
33.0
19.8
17.2
14.6
16.0
14.2
30.0
26.4
14.0
18.4
16.2
11.0
15.2
28.6
22.2
12.4
24.2
12.8
13.2
57.4
12.0
18.6
11.4
83.6
11.2
46.8
43.4
38.2
17.4
14.4
11.2
25.4
50.4
12.4
13.4
21.8
58.2
10.8
11.8
15.0
16.0
35.8
19.6
16.6
13.2
30.0
12.6
11.6
10.8
11.6
17.0
13.8
16.4
11.2
19.2
13.8
12.4
19.0
11.4
15.4
27.8
44.8
79.8
26.0
28.4
11.0
14.0
61.6
12.2
15.6
19.8
26.2
15.8
11.4
66.6
18.8
15.0
14.0
14.6
18.0
12.4
12.0
14.2
11.6
26.6
38.8
27.2
12.6
38.4
29.0
14.2
43.6
18.0
22.0
21.6
19.0
30.0
31.0
10.2
10.2
12.8
47.8
43.2
19.0
12.6
12.2
21.8
16.0
18.4
15.0
29.4
25.4
22.2
16.8
11.4
13.4
11.2
30.4
10.4
14.0
17.2
11.2
15.8
18.8
61.0
19.8
19.4
25.2
14.4
10.6
22.2
60.6
29.2
23.6
14.8
30.6
16.6
14.6
13.8
18.4
20.2
16.0
12.0
17.2
24.0
44.0
15.6
24.0
33.2
14.6
19.8
23.0
34.4
20.0
30.6
10.4
54.2
17.0
26.4
13.2
20.8
18.0
19.0
13.6
10.8
31.8
18.4
13.0
12.8
36.0
11.8
10.8
24.2
13.2
15.0
12.2
173.2
14.4
16.2
21.2
12.8
29.8
14.8
13.6
11.4
14.6
28.4
13.2
23.2
10.6
31.2
11.8
38.8
27.0
15.6
21.2
17.0
11.0
12.2
11.6
12.8
14.4
11.8
12.8
15.0
27.8
11.2
18.0
14.2
15.8
83.2
55.0
10.8
22.0
19.8
17.8
26.2
18.0
13.2
14.4
10.4
13.2
14.2
16.6
10.6
20.8
20.2
10.0
34.4
15.4
13.6
12.2
12.8
17.4
13.0
18.2
10.0
36.4
12.6
34.8
15.2
32.4
22.2
13.8
12.6
11.2
16.2
18.6
12.4
20.8
39.0
11.0
12.2
13.0
13.8
11.0
11.6
13.0
17.6
13.0
97.0
16.4
41.2
47.0
186.6
33.6
17.4
23.4
38.0
23.2
14.4
29.4
15.6
135.0
21.0
13.8
32.4
32.6
43.8
13.0
104.8
20.6
11.4
30.2
19.4
100.0
47.4
14.2
13.2
16.8
35.0
20.2
29.4
63.4
18.6
59.4
17.8
13.4
50.4
29.6
91.4
17.8
10.6
10.8
26.0
26.6
86.6
12.4
10.2
37.2
23.4
89.8
11.0
17.8
11.0
24.6
42.4
13.0
24.8
17.0
198.0
62.4
116.6
30.4
43.0
20.4
31.6
160.6
16.2
20.6
30.8
16.8
10.0
13.4
79.0
30.0
43.0
68.4
29.2
10.4
17.4
16.0
16.8
52.6
35.4
16.4
17.0
56.0
10.4
11.6
105.4
21.2
26.2
30.0
24.8
24.0
13.2
10.2
187.0
35.2
14.6
136.8
57.4
22.8
32.0
184.4
65.0
52.6
10.8
89.2
17.4
15.8
10.8
16.2
38.0
49.4
41.6
34.2
32.0
14.6
13.0
12.8
30.6
145.2
22.4
171.2
11.8
34.0
11.6
22.6
30.0
51.2
193.2
28.0
90.4
12.0
67.4
14.8
11.0
22.2
111.6
50.2
90.8
14.0
110.0
25.2
44.6
28.2
16.8
13.6
12.4
