45.2
60.8
32.2
37.8
45.6
51.0
49.8
27.4
25.6
38.8
16.0
33.4
17.2
24.2
15.2
11.4
29.4
36.8
45.8
42.8
17.6
45.0
17.4
24.8
38.6
14.6
29.6
46.0
16.6
37.2
42.0
14.2
11.6
12.8
33.2
17.8
33.2
11.2
38.2
20.6
92.0
16.6
15.6
31.0
34.6
51.8
48.0
39.0
22.8
27.8
36.0
24.0
26.0
25.6
47.6
18.2
37.8
35.4
41.0
31.2
21.6
25.2
28.8
38.8
15.6
26.0
32.2
34.0
57.6
12.8
48.0
22.4
34.8
17.4
11.6
20.2
33.8
15.2
36.8
33.2
22.4
13.8
21.0
30.4
23.0
31.6
13.6
17.8
23.0
41.6
32.8
47.6
38.8
48.6
37.4
25.8
19.4
31.2
36.8
13.0
17.8
36.8
36.4
15.4
36.8
42.6
48.8
39.0
39.0
19.8
24.4
45.0
52.0
51.4
16.6
26.0
33.6
21.0
30.0
26.6
17.4
16.8
15.6
40.8
50.4
39.0
36.8
10.8
69.6
27.8
26.4
28.4
33.2
37.6
38.4
22.6
33.6
40.2
31.6
34.2
29.0
13.6
17.8
41.4
66.4
15.4
16.4
15.4
37.4
23.8
43.4
28.6
16.8
19.2
16.0
44.8
31.6
15.8
15.2
27.0
11.6
46.4
30.6
44.6
26.2
33.8
19.8
23.4
32.6
34.4
46.6
31.6
32.0
19.2
38.2
52.2
35.8
16.6
38.8
16.2
40.2
31.8
33.2
19.2
24.0
32.8
19.8
