15.0
13.6
69.2
52.0
15.2
89.2
71.8
22.2
18.0
80.4
73.0
21.8
18.8
128.6
11.8
108.6
16.2
35.0
13.2
151.2
125.0
15.4
15.0
165.4
15.8
45.8
15.2
14.6
44.2
11.0
17.0
107.0
13.0
13.2
17.0
10.2
16.8
25.8
16.0
22.0
10.2
25.6
18.4
13.4
11.0
17.6
12.6
20.4
44.8
10.0
26.6
45.4
48.8
29.8
14.2
21.2
30.8
35.2
18.0
14.8
13.2
12.2
15.8
16.6
11.2
33.4
97.2
10.4
54.4
42.4
10.2
19.2
15.6
36.6
11.2
11.8
14.4
88.4
24.6
47.0
16.4
15.0
33.6
11.8
18.4
10.0
15.0
17.0
17.4
13.2
16.6
12.4
12.4
11.4
20.2
11.0
23.0
16.4
14.6
50.0
10.6
14.6
32.4
20.4
18.6
13.0
14.2
14.4
26.8
20.2
19.0
24.8
12.6
14.0
18.4
14.6
19.8
22.0
10.2
16.6
10.2
12.2
14.4
10.4
16.4
23.0
10.6
11.8
17.0
18.4
10.2
14.0
10.6
19.4
10.6
16.0
13.4
17.8
14.2
41.6
11.6
11.0
25.0
17.0
16.4
12.8
15.0
12.2
16.4
17.6
13.6
17.6
15.4
18.0
33.0
14.6
21.2
10.4
25.0
16.2
41.8
28.2
11.8
12.8
18.4
23.8
13.8
25.0
12.6
12.6
19.4
46.8
22.4
20.6
58.8
16.6
16.4
15.2
16.6
12.8
26.4
21.2
19.0
12.2
41.0
10.8
23.0
16.0
17.8
19.4
39.6
24.8
42.8
10.0
20.4
21.4
54.8
88.6
16.6
12.8
13.4
14.2
14.4
12.8
14.2
35.4
13.6
16.0
10.8
10.6
22.2
12.0
12.0
19.4
16.0
13.0
10.8
23.0
18.0
23.8
14.2
25.6
37.0
11.0
16.8
16.0
21.4
20.0
12.8
14.4
14.2
11.2
11.0
22.0
14.4
17.2
27.0
19.4
16.6
14.8
11.0
15.2
21.8
11.8
28.0
18.0
22.8
43.4
21.4
15.6
12.6
23.2
11.2
10.2
19.4
24.0
19.0
17.8
12.4
10.8
14.2
25.0
11.8
22.0
13.0
14.2
20.8
23.2
21.4
15.0
10.0
12.2
19.8
14.8
13.6
13.4
25.8
16.2
41.8
49.2
22.0
15.4
26.4
13.6
11.0
25.0
16.0
15.2
13.6
12.2
19.6
11.6
17.0
15.4
13.4
16.0
38.8
14.2
36.0
38.8
20.4
25.8
15.4
15.8
75.8
16.4
16.4
13.8
11.8
15.8
21.0
35.4
10.4
15.8
16.8
17.0
14.6
42.8
14.2
10.2
17.6
26.8
14.2
21.6
15.6
15.6
24.4
28.8
10.6
39.8
14.2
12.0
10.8
13.6
13.2
10.4
24.0
17.0
18.8
14.8
11.6
15.8
19.6
35.0
31.6
16.6
13.2
11.8
13.2
10.8
12.2
35.2
12.0
18.4
38.8
11.6
10.0
14.0
16.6
25.6
16.4
40.6
30.8
21.4
14.8
24.8
40.2
10.0
10.8
21.2
10.2
20.8
10.0
16.4
10.2
11.0
10.8
14.2
14.2
10.4
32.4
20.6
13.2
31.2
10.6
12.8
21.0
17.4
13.2
10.8
27.4
20.0
22.2
21.8
13.6
13.6
10.4
14.8
10.4
10.6
15.8
23.0
11.6
19.4
24.6
13.2
21.2
28.0
16.8
13.4
16.2
31.0
16.4
49.4
14.6
14.0
13.2
41.6
18.4
40.2
13.4
16.6
10.8
15.8
12.6
12.2
32.2
16.0
10.6
17.6
14.4
15.4
13.6
17.8
13.0
10.6
25.4
18.4
13.0
13.4
10.6
11.2
56.6
15.8
10.6
10.4
13.2
26.8
25.6
10.6
19.8
11.6
12.4
23.4
22.2
45.8
21.4
13.0
17.0
12.2
14.4
12.2
20.2
10.6
14.0
26.2
12.2
11.0
25.0
53.8
10.6
15.6
12.2
16.4
22.4
17.4
18.0
15.8
31.6
13.0
18.2
13.2
10.8
10.6
15.6
12.6
19.8
10.4
15.6
12.0
32.4
13.8
11.0
14.0
14.8
17.2
27.4
21.6
14.4
22.2
13.2
29.6
15.6
46.8
12.2
10.6
19.6
18.0
11.0
16.2
15.8
10.8
16.6
18.4
11.6
15.4
16.2
21.6
18.4
11.0
14.0
16.0
12.4
10.2
47.2
73.6
16.4
10.6
18.8
11.0
11.8
18.0
14.0
12.2
13.6
17.2
20.2
13.4
15.6
24.0
19.4
32.6
14.6
15.8
31.2
18.6
10.4
13.6
51.2
10.6
22.2
17.2
10.4
11.6
11.6
19.4
160.6
18.2
10.6
36.2
18.0
16.6
10.2
20.6
10.6
12.6
34.2
20.8
39.8
13.6
12.0
15.8
19.0
13.6
11.8
14.0
11.2
13.0
17.0
12.0
14.6
10.8
23.8
14.8
17.6
15.0
11.2
32.0
15.2
12.8
11.6
15.4
15.8
11.0
11.4
10.6
18.6
22.2
13.6
12.2
15.4
15.8
39.0
32.2
14.6
12.8
14.6
15.6
22.2
21.2
14.0
10.2
61.6
30.4
35.2
14.0
14.8
31.4
14.6
27.6
10.2
11.0
16.0
13.2
10.0
41.0
19.6
20.0
25.0
10.0
17.8
36.2
18.0
19.2
17.6
12.6
12.8
46.6
10.4
21.6
18.8
10.4
13.8
10.6
12.0
15.4
15.2
19.6
10.2
32.2
22.4
28.6
11.8
11.6
12.8
11.6
16.6
11.2
11.2
18.2
17.2
17.2
36.6
14.4
24.2
79.2
30.6
19.4
11.0
16.8
11.8
25.0
15.2
35.8
22.0
13.0
14.2
13.0
13.6
23.8
24.6
12.6
38.8
59.8
14.8
16.8
22.4
42.4
26.6
11.8
11.4
24.8
15.0
22.6
24.2
52.6
14.0
29.4
15.4
14.4
14.4
13.8
54.6
32.2
13.2
16.8
23.6
20.6
14.0
30.4
12.0
15.4
16.4
14.2
31.4
11.8
10.0
19.6
17.6
16.8
17.0
19.6
21.2
19.0
50.0
16.4
11.0
22.0
14.4
19.8
15.4
11.6
10.6
10.6
13.0
11.4
23.8
14.0
11.6
25.8
61.0
10.0
26.4
20.6
21.8
21.2
53.2
11.4
14.4
15.0
25.4
22.8
11.2
10.2
10.2
23.4
64.8
10.4
34.4
67.4
13.6
11.0
14.4
26.0
19.4
13.2
22.2
36.0
31.2
11.0
75.8
60.4
29.6
22.6
37.6
12.2
15.0
18.4
44.2
12.8
148.8
37.2
18.0
19.2
36.6
18.2
13.2
12.2
10.0
10.8
25.2
132.6
39.6
18.4
27.0
36.6
10.6
20.8
15.0
21.8
10.0
13.6
19.4
17.2
12.8
15.4
15.2
16.2
16.4
12.6
23.8
20.6
13.2
32.6
47.2
22.2
35.2
15.6
18.0
48.4
15.0
23.0
54.0
19.4
28.8
10.2
21.6
14.8
65.2
19.6
11.8
10.6
13.6
10.8
94.6
41.8
17.8
11.0
21.4
17.4
12.2
18.6
26.8
41.4
23.8
56.0
12.0
15.2
15.2
13.2
17.8
16.2
34.8
29.8
13.2
11.0
53.0
27.8
19.6
10.6
20.6
22.6
24.2
11.6
35.6
17.6
25.4
67.6
37.0
33.0
14.0
30.2
46.4
35.2
25.6
25.0
17.0
80.0
10.8
14.8
12.2
18.6
20.2
13.0
25.0
15.0
20.8
16.0
11.2
152.8
17.2
24.8
15.8
24.8
37.2
21.2
12.6
24.6
21.0
11.2
19.6
17.2
38.0
17.8
80.2
19.0
14.6
16.8
10.6
24.2
15.4
12.4
28.8
10.0
27.8
21.8
13.4
15.4
13.8
24.0
12.6
23.6
10.0
12.8
11.2
15.6
17.0
18.6
29.2
21.4
11.6
14.6
10.6
10.0
14.2
14.0
15.8
16.6
11.6
35.6
76.6
10.6
12.8
10.4
15.0
12.2
19.8
20.6
21.2
36.8
11.6
39.8
10.0
12.2
35.4
20.8
19.6
16.6
11.2
11.2
16.2
33.6
11.4
10.0
12.8
28.0
11.4
12.0
15.0
13.4
23.4
13.4
13.2
12.0
90.6
22.6
26.2
16.4
21.4
17.6
16.0
13.2
71.2
19.8
38.4
37.8
10.0
23.2
14.4
19.2
27.2
12.0
16.0
10.2
11.2
14.2
16.0
12.8
21.4
11.8
21.4
18.6
64.0
10.8
22.0
10.6
49.6
10.6
12.6
14.6
12.6
22.8
39.2
11.2
11.8
10.4
21.2
10.6
10.4
17.4
42.4
64.4
16.2
11.8
28.6
21.0
93.8
21.2
16.8
13.0
24.2
24.8
10.6
25.8
25.2
22.6
22.2
10.6
12.0
14.6
12.2
15.2
10.4
18.2
12.4
12.6
13.2
21.8
10.8
10.8
23.2
10.2
20.6
13.6
52.8
11.4
19.8
14.6
23.6
38.0
22.4
14.4
15.0
42.0
15.0
19.8
11.8
10.0
18.0
13.6
12.0
10.6
25.4
15.2
23.0
28.6
10.8
35.4
13.4
14.8
30.6
26.4
13.0
10.2
13.8
25.4
23.6
35.6
21.6
15.6
31.0
51.8
20.0
11.0
19.2
22.4
10.4
14.8
19.0
11.0
20.8
74.6
25.6
139.6
41.6
85.4
69.2
36.6
65.4
33.2
81.2
23.0
27.4
12.0
53.8
22.8
36.0
74.6
37.4
10.0
25.6
20.0
36.4
33.6
23.4
12.4
27.4
24.0
35.4
131.6
45.8
13.4
16.4
37.6
24.0
26.0
12.4
11.4
139.4
32.0
33.0
12.4
21.6
21.6
45.8
54.6
20.4
30.2
24.0
26.4
12.4
18.0
10.6
20.6
59.2
16.6
10.8
60.4
33.2
10.8
13.0
21.8
16.6
24.4
14.6
12.2
15.8
10.2
15.4
28.0
14.2
39.8
12.8
12.2
25.6
17.0
10.2
24.6
34.2
35.6
21.0
21.6
10.4
14.2
18.4
14.8
19.0
46.2
24.0
21.4
10.2
15.8
30.6
23.8
19.6
19.6
12.0
15.2
15.8
13.2
30.8
12.2
61.0
10.4
20.0
21.4
12.2
21.4
19.2
12.2
56.8
18.8
21.6
15.6
24.4
20.2
15.0
11.6
14.6
29.6
43.8
19.4
11.0
21.8
13.2
34.4
15.4
22.6
51.6
39.8
15.4
74.4
42.4
24.6
24.0
24.4
42.2
11.4
41.2
21.8
11.8
22.0
26.2
11.2
17.8
13.4
18.4
10.4
18.6
24.0
15.0
11.8
14.6
27.0
20.4
36.8
12.6
11.8
11.4
23.0
16.0
14.2
47.2
20.8
12.6
33.6
33.8
12.6
19.4
10.0
28.0
14.8
14.6
10.0
30.0
17.4
14.8
14.0
29.4
10.2
22.0
21.8
10.2
12.2
19.6
22.0
19.6
32.0
46.2
18.8
10.4
14.0
37.0
17.8
11.0
10.4
85.4
18.6
16.2
17.8
26.0
20.0
11.6
20.6
10.2
30.0
19.0
10.2
15.8
11.4
24.8
94.8
22.8
14.0
11.2
34.4
61.2
17.8
27.4
24.6
29.8
18.4
27.6
15.4
14.6
34.0
76.6
25.4
18.6
20.8
10.0
65.8
19.6
10.8
11.4
59.4
20.0
19.2
21.4
30.2
21.2
18.6
17.4
10.0
10.2
47.2
31.0
26.4
25.2
16.0
14.2
24.8
26.8
26.6
16.6
36.6
56.0
109.2
23.0
33.4
16.4
13.8
19.0
11.2
44.2
30.0
17.4
10.0
11.2
16.6
57.4
31.4
19.0
21.2
14.8
19.0
49.6
18.6
12.8
14.2
24.8
13.4
13.2
13.6
19.4
22.2
12.0
12.0
16.6
14.0
17.2
34.0
16.0
15.0
12.0
24.6
17.4
42.0
20.0
22.0
12.6
14.4
16.0
17.6
10.6
90.8
15.8
19.0
11.0
31.4
10.2
15.8
14.6
17.4
56.6
25.6
12.0
32.2
16.0
11.6
17.4
11.4
13.4
11.2
16.4
12.2
10.6
35.0
15.0
53.2
14.6
21.8
17.2
23.4
11.4
13.4
22.8
11.0
28.0
10.0
11.4
12.4
12.6
12.6
14.0
48.8
19.0
30.8
14.2
30.4
15.8
16.2
89.8
12.4
15.0
18.2
15.4
17.2
19.2
19.2
28.4
54.6
101.8
10.8
20.0
16.6
31.0
29.8
38.2
11.4
29.6
14.4
10.6
15.2
34.0
41.6
11.6
21.0
47.4
62.0
18.4
15.2
38.6
14.4
31.4
11.2
19.0
50.2
31.0
11.2
10.4
20.4
37.8
37.6
36.2
14.8
52.8
10.4
14.4
46.4
21.8
15.6
31.4
81.4
38.4
41.6
23.6
11.4
19.8
20.8
11.0
12.4
51.8
21.8
13.2
19.2
11.4
11.6
54.2
14.2
26.0
15.0
12.6
21.0
18.8
37.0
24.0
44.4
23.0
26.2
11.2
26.8
10.0
14.6
21.4
10.8
65.8
22.4
27.8
22.0
21.0
10.2
28.4
10.0
17.8
39.2
42.4
15.4
45.8
31.0
23.0
40.0
49.2
10.6
20.8
14.0
15.6
13.6
21.2
109.6
38.6
16.0
18.4
20.8
19.6
19.2
23.2
53.0
28.8
14.4
36.4
20.0
13.4
10.2
17.2
22.8
12.2
25.2
43.2
38.6
13.0
16.8
12.8
62.4
39.0
17.6
14.0
10.0
10.8
10.0
14.6
21.0
78.4
146.0
19.8
24.2
14.8
17.2
15.4
32.2
21.2
18.4
21.0
26.6
11.8
11.8
14.2
30.4
63.8
10.6
16.4
13.4
14.8
11.4
24.4
21.0
14.2
44.4
12.0
37.8
33.6
23.2
39.2
17.4
24.2
21.8
41.4
31.6
45.2
66.2
10.8
11.6
14.2
10.6
20.0
46.4
23.0
78.8
56.0
23.6
15.8
19.4
20.0
64.6
16.8
19.6
13.0
12.8
15.8
19.6
25.4
60.8
31.2
169.2
11.6
16.2
19.8
54.2
23.8
11.8
52.6
39.6
71.4
21.2
14.8
15.0
17.4
17.0
16.8
89.6
25.2
12.8
26.2
35.0
18.6
15.4
88.2
10.0
12.4
31.2
17.2
23.8
26.6
22.6
19.0
13.6
32.2
41.0
10.0
53.6
37.4
55.6
43.4
23.2
14.8
24.2
18.2
10.6
17.0
29.2
11.6
119.8
13.0
22.2
15.6
134.0
40.8
50.6
23.6
11.0
16.4
14.0
16.8
30.4
28.4
11.8
26.0
34.6
15.6
34.0
25.0
10.2
31.2
13.2
27.2
40.2
67.4
11.8
45.6
15.4
27.8
97.6
35.4
42.2
11.4
44.0
10.6
45.2
13.2
34.0
42.4
25.0
43.0
26.4
23.4
10.0
24.2
18.8
71.2
33.8
28.0
24.6
12.4
49.4
16.2
12.6
10.0
20.4
10.4
13.6
17.6
19.2
13.8
17.6
21.6
37.8
13.4
14.2
11.6
11.8
27.0
17.0
10.0
66.6
12.2
36.6
23.6
11.8
18.4
19.8
14.4
14.0
11.8
15.2
148.4
12.0
15.2
19.8
40.4
23.0
18.0
15.8
20.8
18.2
124.2
17.4
37.4
11.2
27.4
12.2
10.8
19.4
17.2
12.2
10.8
11.2
32.2
12.6
18.8
12.0
10.4
20.0
10.0
17.8
12.6
12.6
20.0
16.2
13.2
60.6
24.2
28.2
11.6
16.6
11.2
12.8
11.4
35.6
36.0
11.0
12.4
30.6
16.2
26.4
14.6
10.0
55.4
18.4
10.0
10.8
11.0
15.2
