26.2
19.4
36.6
20.4
52.6
29.4
22.6
33.4
33.4
43.0
19.8
15.2
39.8
20.8
17.0
43.2
34.8
28.0
25.8
55.4
22.2
37.6
44.8
40.4
40.6
12.6
25.2
28.6
26.2
38.6
28.6
39.6
12.2
16.0
23.2
47.8
13.6
31.2
27.0
25.2
33.6
10.0
22.8
12.0
44.8
34.8
13.6
33.6
23.8
45.2
18.0
40.2
13.6
17.2
35.4
24.2
24.0
54.2
29.8
34.4
25.4
29.6
32.8
14.2
35.0
25.2
22.6
14.0
18.0
44.8
34.0
43.0
45.8
12.2
22.0
36.0
17.2
30.8
21.8
32.0
30.8
33.0
32.2
18.2
34.2
17.8
14.6
32.4
21.0
38.0
15.8
15.0
39.4
24.6
23.6
17.2
15.6
45.2
31.0
44.2
31.6
53.2
17.2
42.8
18.8
11.0
22.4
13.0
20.4
27.8
21.2
33.0
48.0
32.6
38.4
19.2
27.8
42.6
32.4
35.8
37.6
18.2
23.2
27.4
19.0
30.4
27.2
26.4
15.0
17.6
27.0
22.8
41.0
32.0
40.0
41.2
36.8
24.2
42.6
31.2
15.6
22.2
41.2
37.4
40.8
44.2
37.2
39.4
28.6
25.0
49.0
23.2
