36.6
10.2
17.4
14.8
14.6
14.4
12.4
35.2
11.0
13.0
18.8
10.4
12.0
15.4
40.8
11.0
15.0
20.8
37.2
29.4
20.2
42.2
10.0
35.2
11.4
17.4
19.8
22.6
10.2
10.8
11.4
14.4
19.8
11.0
73.6
12.4
10.4
13.0
28.4
26.0
38.0
43.6
23.6
17.0
17.8
13.4
22.2
16.0
88.2
19.6
14.8
12.0
54.2
19.4
32.0
10.2
13.8
20.8
15.4
93.0
12.8
12.4
11.4
172.4
11.6
14.4
18.6
14.6
131.2
14.8
17.6
49.0
16.0
15.0
16.6
22.0
56.8
33.0
54.6
14.6
124.4
10.4
37.2
13.8
10.6
24.2
15.0
12.4
48.8
48.6
44.0
21.2
58.0
45.2
29.0
18.6
14.8
102.4
37.6
17.8
13.0
22.2
23.2
14.8
15.6
14.6
43.6
12.0
23.4
32.0
47.4
43.0
19.4
12.8
13.6
12.8
31.4
25.6
79.2
40.8
33.6
11.4
22.4
18.2
47.6
85.4
148.8
17.0
54.8
10.8
29.8
25.6
16.6
13.4
11.6
25.2
14.8
12.4
10.2
12.8
14.2
17.4
29.6
16.0
47.4
20.6
22.8
18.4
84.8
46.6
25.6
50.0
19.2
32.4
18.2
50.4
16.6
17.6
70.6
25.0
122.0
32.0
66.0
17.8
20.0
12.2
38.2
30.6
21.0
14.2
65.2
22.0
13.8
85.4
94.4
14.4
11.2
58.4
100.0
10.4
28.8
16.8
38.0
20.6
13.0
14.6
75.0
20.4
15.4
13.8
13.2
11.4
14.0
38.6
21.6
10.8
69.0
32.0
15.4
18.2
24.6
11.6
14.4
18.0
14.2
10.6
35.2
15.8
14.0
34.8
31.2
27.2
12.8
31.6
41.4
14.0
13.2
48.2
133.2
44.0
15.0
12.8
11.2
13.2
21.6
10.8
65.0
12.4
12.6
10.2
18.8
13.0
28.0
11.4
22.0
16.2
14.2
15.4
16.8
12.6
10.6
12.6
13.2
11.2
14.8
17.4
17.0
11.2
12.4
18.4
13.8
19.0
13.8
18.4
14.4
13.4
10.2
21.6
38.2
16.2
15.2
50.2
15.4
13.6
18.2
32.6
17.6
24.8
18.4
15.6
52.0
44.6
19.2
31.6
14.2
24.8
13.8
169.8
13.0
91.6
11.6
14.8
11.8
11.2
25.6
13.0
14.0
12.8
73.8
15.8
13.8
16.4
10.0
16.2
10.6
17.0
14.2
10.6
11.2
15.6
12.8
11.4
42.4
11.8
24.2
20.4
14.4
19.6
13.0
16.6
10.0
19.0
17.2
12.2
19.4
12.2
10.0
11.4
16.0
13.2
18.0
12.4
11.4
30.8
39.4
10.8
23.0
23.8
17.6
12.0
23.8
32.8
16.6
17.4
49.8
22.0
11.2
14.6
14.0
20.0
50.6
18.2
13.4
12.8
18.4
11.2
18.2
20.6
21.4
11.8
14.0
13.0
20.8
32.0
27.4
12.4
11.4
36.6
12.4
10.8
10.6
13.6
11.0
10.2
12.2
17.0
18.8
10.4
31.0
11.4
10.4
38.4
12.6
10.6
11.0
36.2
18.4
10.2
11.2
14.2
17.0
19.4
14.6
30.2
15.4
15.6
11.6
15.2
12.2
12.0
19.6
11.0
20.8
12.4
28.0
26.4
17.8
10.4
19.4
15.0
22.4
10.6
12.8
18.6
11.2
14.6
12.8
13.2
15.6
11.0
10.6
12.6
31.0
13.2
12.4
10.6
13.2
37.2
17.4
22.0
11.6
10.0
24.8
15.4
14.0
10.6
11.2
10.8
11.6
48.8
36.0
15.0
16.4
22.6
28.6
14.2
13.8
11.6
23.2
16.8
12.2
20.0
19.8
38.6
25.2
11.8
15.6
32.4
21.0
18.8
13.4
16.6
33.2
12.0
12.0
22.8
14.0
11.8
10.2
13.4
17.6
12.4
14.4
23.4
10.6
13.0
10.8
12.2
10.6
13.8
11.4
16.4
25.0
11.4
21.4
37.4
11.2
12.0
10.6
15.0
13.6
29.2
11.8
15.4
26.4
46.4
11.6
18.8
14.6
10.2
15.6
12.4
12.8
11.8
15.2
47.0
22.2
16.0
16.4
11.8
16.4
11.0
18.4
13.6
59.0
56.8
13.6
30.6
13.4
23.4
14.6
12.2
10.8
12.0
10.0
11.2
11.4
47.6
14.2
68.0
15.4
12.4
14.6
12.2
11.6
18.6
14.0
10.4
28.8
10.0
26.6
20.6
13.6
10.2
12.0
10.2
10.2
17.2
19.8
16.8
12.4
16.6
12.4
17.0
11.0
17.2
13.4
13.4
17.0
19.6
11.6
21.0
16.8
20.4
22.2
12.4
19.2
34.6
20.2
20.0
18.2
20.4
11.6
13.2
13.8
15.4
25.0
11.2
56.2
21.2
19.2
11.8
20.8
10.6
17.4
18.0
16.4
11.6
17.8
58.8
13.4
38.2
19.8
23.6
19.8
10.6
19.8
10.6
10.4
15.0
18.6
26.6
33.2
14.2
11.0
23.0
30.8
27.8
26.4
50.0
11.8
54.6
16.8
21.2
16.6
14.2
32.6
31.2
22.0
16.2
60.0
18.4
11.2
17.2
26.4
15.4
16.0
21.6
52.6
10.8
18.6
18.6
12.8
28.0
16.6
21.4
21.8
16.0
11.0
12.4
42.2
32.2
23.8
29.4
11.2
15.6
18.4
23.8
60.6
15.0
15.8
22.0
69.6
10.4
11.4
30.2
11.4
12.2
22.8
51.8
20.8
12.4
22.8
23.0
47.8
78.6
11.6
12.2
22.2
15.2
13.2
11.0
13.8
25.4
32.8
17.4
11.8
30.8
59.2
16.2
25.6
43.2
12.6
21.4
25.2
15.0
45.0
40.0
64.6
10.6
15.4
11.6
12.2
12.0
13.2
31.2
32.4
28.0
53.4
14.4
20.4
10.0
28.6
13.8
18.4
20.0
15.6
11.0
46.8
10.4
21.4
17.6
16.8
12.8
14.0
59.2
15.8
30.4
10.8
22.6
17.6
19.2
12.0
14.0
13.4
15.4
28.4
46.4
26.8
20.0
20.0
14.4
11.0
14.8
13.8
13.6
33.4
29.8
15.2
10.4
10.0
10.0
21.4
11.4
11.6
12.6
18.4
35.4
14.8
13.8
42.4
79.8
19.2
15.8
23.4
10.0
48.6
15.4
16.8
18.0
11.8
11.6
16.2
13.4
125.0
11.2
24.0
19.2
19.0
20.2
11.6
18.0
10.8
22.8
15.2
20.4
15.2
39.2
56.0
18.2
24.2
15.6
11.2
12.8
15.0
12.8
21.4
41.0
15.8
15.6
12.4
42.6
14.4
28.0
10.0
26.8
28.2
15.0
17.8
23.6
16.4
10.4
20.4
11.2
20.6
18.0
13.8
11.0
11.4
37.8
15.8
11.8
29.4
18.4
10.6
31.0
18.8
13.6
40.4
11.2
23.4
10.2
12.0
13.6
15.0
10.6
29.6
19.2
18.4
16.4
16.2
35.2
10.6
13.2
13.0
10.0
13.0
15.8
16.0
11.6
10.2
23.0
11.6
10.0
36.8
13.2
19.4
21.4
47.0
18.0
16.0
11.2
20.6
32.8
13.0
12.0
12.0
10.0
26.6
19.2
13.8
12.6
45.8
25.2
10.6
13.2
14.0
24.6
10.2
10.0
14.8
24.8
12.0
50.0
21.8
19.4
10.8
14.4
15.0
10.4
11.2
11.4
13.2
49.8
18.2
11.8
19.6
20.8
16.6
10.2
15.0
16.4
22.2
12.8
11.6
16.2
31.8
12.6
10.4
18.0
26.4
14.6
11.2
21.4
11.2
34.4
16.4
23.4
40.2
37.0
29.4
41.2
14.2
67.2
15.2
10.4
28.2
15.0
14.8
17.4
10.2
22.2
26.0
15.0
23.6
19.4
17.6
10.0
11.8
15.6
29.6
11.4
21.6
14.2
20.2
103.8
11.2
18.0
10.0
20.4
41.0
53.0
12.0
24.6
47.2
14.2
26.8
11.2
11.0
10.6
34.6
31.4
12.4
27.0
10.6
11.6
12.2
10.0
11.0
11.2
13.0
14.4
26.2
13.2
72.4
19.6
12.8
17.4
29.2
10.8
21.2
31.8
17.4
21.2
10.2
39.6
24.2
19.2
160.4
34.4
12.2
11.0
17.0
10.2
25.0
12.8
12.0
13.4
13.0
13.2
11.8
30.0
11.0
35.8
13.4
18.6
10.8
15.6
12.8
11.0
12.8
18.2
14.0
23.4
15.2
22.2
34.4
12.0
52.8
54.0
16.4
10.8
12.6
20.4
16.0
21.0
23.6
16.6
123.8
13.2
11.0
14.2
23.0
20.0
38.0
14.0
10.0
16.4
13.0
11.4
17.0
161.6
11.4
10.4
11.2
18.2
11.6
16.8
18.8
17.0
12.8
14.4
10.0
10.8
52.8
16.0
14.8
18.2
15.2
18.2
26.8
16.2
105.2
12.4
16.2
12.4
11.6
16.2
15.0
22.6
51.4
28.0
13.6
16.0
35.2
98.6
20.8
24.0
13.0
29.4
45.4
21.4
38.2
15.6
19.2
26.0
17.0
32.0
12.0
11.6
15.6
29.8
11.6
13.8
23.8
23.2
38.2
11.0
11.2
11.4
22.4
10.8
21.6
11.8
12.2
11.8
10.4
16.8
31.4
11.4
11.0
20.0
16.8
11.4
20.2
14.8
10.0
18.6
11.4
21.6
11.8
101.6
14.8
14.0
19.0
38.4
11.6
102.4
12.8
14.6
41.4
22.6
22.8
12.2
12.4
18.8
50.8
12.0
20.2
14.2
10.8
14.0
38.6
13.6
14.6
11.4
11.4
15.8
17.4
10.0
13.6
41.2
21.4
15.4
17.0
41.0
23.4
18.2
56.8
22.4
14.0
13.0
13.8
17.6
14.6
20.6
33.4
14.0
34.4
17.4
13.2
42.8
14.6
13.2
10.4
15.2
47.2
11.0
17.2
27.8
12.2
26.8
21.4
21.0
33.4
29.0
24.2
20.8
12.0
34.8
11.8
54.6
18.4
21.0
23.4
194.0
14.6
18.4
15.8
15.2
24.6
11.8
45.8
14.2
14.2
23.0
148.0
66.0
11.8
81.8
14.4
17.6
11.4
41.2
154.2
36.6
10.4
12.8
22.6
26.8
18.6
32.2
55.6
37.0
25.2
50.6
17.2
22.6
102.6
44.4
40.0
25.6
96.6
10.2
12.6
10.8
16.6
10.2
15.0
22.2
12.0
182.4
15.0
30.4
22.8
26.0
75.2
66.2
16.2
12.6
81.2
19.0
12.6
12.2
10.6
17.8
99.4
26.0
47.8
20.8
101.4
47.4
18.4
11.8
15.0
74.0
27.0
38.6
12.0
16.4
26.6
10.8
78.0
18.0
14.2
20.4
19.0
88.0
11.2
11.2
14.8
70.4
51.2
44.8
34.8
13.8
179.8
25.4
25.6
11.4
39.2
106.6
44.0
21.8
46.8
31.0
14.0
181.2
14.8
13.8
39.2
115.6
35.8
45.6
15.8
16.8
18.6
