49.8
35.6
19.6
32.8
17.2
35.8
31.8
44.4
27.0
23.0
31.2
24.4
37.4
16.4
40.0
39.0
29.4
40.0
26.6
39.8
22.0
23.6
15.4
24.4
35.0
39.4
31.8
33.8
15.0
15.8
55.4
23.8
13.2
24.4
32.4
16.4
24.0
33.8
28.2
40.2
24.6
24.6
28.6
43.2
22.6
28.4
42.6
46.2
37.2
18.4
16.6
16.6
21.4
17.0
18.8
18.8
26.8
42.6
16.6
15.4
40.8
29.4
36.8
99.2
23.6
16.6
13.2
33.2
20.0
43.2
19.6
28.6
15.6
25.0
35.6
35.6
30.0
38.8
31.4
38.6
48.4
50.0
37.4
40.4
17.6
17.6
28.6
59.2
38.4
12.8
36.0
15.6
14.6
18.2
24.2
44.2
36.4
33.4
21.8
107.0
11.4
99.8
54.0
59.8
18.2
39.4
27.4
42.4
10.4
36.6
18.0
13.4
18.8
74.8
74.8
74.8
30.4
30.4
16.0
