14.8
14.6
16.0
13.2
22.4
10.8
11.0
51.6
82.2
31.0
17.6
14.2
14.0
13.8
20.4
33.4
10.4
14.4
28.4
11.0
13.2
12.4
27.2
21.0
13.8
18.2
15.2
12.0
11.0
20.2
10.4
19.2
23.6
19.8
15.6
35.8
23.4
16.0
14.2
34.2
19.8
33.4
16.6
17.4
89.2
52.0
26.0
16.6
10.0
14.2
17.2
23.4
19.6
20.6
15.0
27.2
21.0
46.2
21.0
15.6
16.0
12.6
17.2
10.2
22.6
12.6
12.8
23.8
21.8
24.6
24.2
14.2
19.6
11.4
11.4
15.2
29.4
10.2
29.2
18.8
24.8
11.4
20.2
29.6
40.2
26.6
43.4
22.0
19.2
14.8
12.6
19.0
23.2
10.4
14.4
19.2
27.2
17.0
12.6
105.2
14.0
22.6
65.8
12.2
78.8
69.4
68.0
27.8
17.4
18.4
19.2
22.4
81.6
42.4
32.2
19.6
10.2
29.0
14.0
23.4
14.6
