28.0
15.8
41.6
41.4
44.0
47.4
38.6
34.4
37.6
58.4
25.2
29.8
20.4
36.0
13.2
40.4
43.2
27.6
12.0
18.0
31.4
39.4
34.0
28.4
38.8
18.8
52.4
24.4
10.8
29.6
53.6
45.8
14.0
15.4
21.4
39.8
21.8
49.6
21.8
20.8
13.0
10.6
34.6
43.2
36.2
34.8
23.0
29.2
45.2
40.4
48.4
20.4
16.4
31.6
21.0
35.6
23.6
37.6
24.4
39.6
23.8
34.0
48.4
39.8
18.8
26.0
106.8
10.0
14.8
40.4
45.2
24.6
11.6
33.8
21.8
38.6
29.6
16.2
58.8
46.6
38.6
34.2
44.0
38.0
26.2
30.4
16.8
12.4
29.4
38.0
19.6
43.6
17.4
13.6
32.4
37.0
38.0
42.4
33.2
12.6
37.8
26.4
43.8
13.4
24.2
41.6
35.2
17.4
15.2
18.6
37.0
17.4
13.6
26.0
50.2
79.2
27.8
37.0
13.6
35.2
27.4
45.0
28.0
49.4
29.0
24.8
15.4
25.2
15.6
39.4
16.6
17.2
12.2
13.8
34.0
20.6
26.4
30.4
32.2
35.8
26.0
15.6
26.2
12.4
10.2
23.0
194.0
101.4
30.0
20.2
89.2
21.6
19.8
105.4
74.2
24.6
10.4
24.8
34.0
61.4
14.2
174.8
22.0
23.0
118.8
27.0
12.6
11.0
68.8
17.4
30.4
39.6
14.6
21.8
117.0
99.0
71.2
12.2
33.0
24.0
136.4
35.8
15.8
57.8
40.0
40.2
34.2
23.4
41.8
27.0
31.2
55.2
34.0
