64.6
50.2
35.6
46
39.6
46.6
42.8
96
109.2
54
48.8
38.6
51.4
30.2
60.4
72.4
39.8
54.4
55
50.8
35.2
36
42.6
45.4
48.8
57.6
47
45.8
26
36
65.8
43
36.8
44.2
48
52.2
47.4
49.8
42.4
74.4
44.4
58
45.2
60.6
111.8
80.4
68.6
62.8
47.2
32.6
33.8
40
41
37.6
33.8
46
47.8
88.8
37.6
31
56.8
42
54
109.4
46.2
29.2
26
57
41.8
67.8
43.8
42.8
35.2
36.4
47
50.8
59.4
49
60.6
57.4
73.2
61.4
57.6
70
57.8
44.2
72
81.2
57.6
27.6
48.6
34.6
37.8
28.6
38.6
63.4
63.6
50.4
34.4
212.2
25.4
122.4
119.8
72
97
108.8
95.4
70.2
27.8
55
37.2
35.8
100.4
117.2
107
94.4
40.6
59.4
30
